

0000   f4 ca e5 57 13 c1 64 76 ba 9a 96 02 86 dd 60 05
0010   04 00 00 28 11 40 2a 01 0e 0a 02 5e 67 90 9c c9
0020   76 4f e6 70 2d 08 fd 0f 00 ee 00 b0 00 00 00 00
0030   00 00 00 00 00 01 36 25 00 35 00 28 89 a8 e9 9e
0040   01 00 00 01 00 00 00 00 00 00 03 77 77 77 06 67
0050   6f 6f 67 6c 65 03 63 6f 6d 00 00 1c 00 01

0000   f4 ca e5 57 13 c1 64 76 ba 9a 96 02 86 dd 60 04
0010   08 00 00 28 11 40 2a 01 0e 0a 02 5e 67 90 9c c9
0020   76 4f e6 70 2d 08 fd 0f 00 ee 00 b0 00 00 00 00
0030   00 00 00 00 00 01 67 01 00 35 00 28 bc 01 86 44
0040   01 00 00 01 00 00 00 00 00 00 03 77 77 77 06 67
0050   6f 6f 67 6c 65 03 63 6f 6d 00 00 41 00 01

0000   64 76 ba 9a 96 02 f4 ca e5 57 13 c1 86 dd 60 0a
0010   01 5f 00 38 11 40 fd 0f 00 ee 00 b0 00 00 00 00
0020   00 00 00 00 00 01 2a 01 0e 0a 02 5e 67 90 9c c9
0030   76 4f e6 70 2d 08 00 35 5c f4 00 38 db 53 ed 3f
0040   81 80 00 01 00 01 00 00 00 00 03 77 77 77 06 67
0050   6f 6f 67 6c 65 03 63 6f 6d 00 00 01 00 01 c0 0c
0060   00 01 00 01 00 00 00 ec 00 04 8e fa b3 64

0000   64 76 ba 9a 96 02 f4 ca e5 57 13 c1 86 dd 60 0b
0010   44 e1 00 44 11 40 fd 0f 00 ee 00 b0 00 00 00 00
0020   00 00 00 00 00 01 2a 01 0e 0a 02 5e 67 90 9c c9
0030   76 4f e6 70 2d 08 00 35 36 25 00 44 a1 74 e9 9e
0040   81 80 00 01 00 01 00 00 00 00 03 77 77 77 06 67
0050   6f 6f 67 6c 65 03 63 6f 6d 00 00 1c 00 01 c0 0c
0060   00 1c 00 01 00 00 00 d2 00 10 2a 00 14 50 40 07
0070   08 13 00 00 00 00 00 00 20 04
